NO2_max	intercept	time	month	year	Temp_max	Temp_mean	WindS_max	WindS_mean	Press_max	Press_mean	RH_max	RH_mean	Temp_mean.origscale	Temp_maxL	Temp_meanL	WindS_maxL	WindS_meanL	Press_maxL	Press_meanL	RH_maxL	RH_meanL
41.1544649354839	1	1	1	2000	-0.609130439137609	-1.08606747975157	-0.448419362635422	-0.890986524339995	0.577378241779362	1.69684912752624	-0.976468944513017	1.19574827874362	51.0327096451613	-0.624084728446334	-1.10666369693791	-0.483717843159451	-0.88886040691758	0.443689793503569	1.65467643159471	-1.1338558475168	1.25505904589943
31.7523455172414	1	2	2	2000	-0.404880600388263	-0.769292667070139	2.3714976080654	0.759031765977617	1.43996802679856	0.32211506231713	-0.492416800728236	0.891743536836535	55.163793137931	-0.36892794382177	-0.698192319596893	2.14863560334465	0.756725935901289	1.29305930354624	0.319301197596726	-0.443050315578307	0.990058171439474
45.7397593548387	1	3	3	2000	-0.831956976646516	-0.629974245697467	0.0253414166623257	0.227932779623409	1.04523154822996	0.147647215082621	-0.206712590335736	0.712309490613704	56.9806548571429	-0.832321924322305	-0.616402969163687	0.0753693620915905	0.227932779623409	1.01218924511667	0.0872356283867333	-0.271331172522832	0.654588581203628
41.1815176666667	1	4	4	2000	NA	NA	0.878895141486382	1.20314234040256	-0.760778823392418	0.31830912908968	0.751575094247345	-0.462352397634963	NA	NA	NA	0.912283465596761	1.1774044576413	-0.705794375122739	0.319301197596726	0.822176653550822	-0.339486222528213
51.855503483871	1	5	5	2000	NA	NA	0.0784401266180261	1.69164924626359	0.26426958513777	-0.693060139166398	1.34481437480695	-0.834931171825562	NA	NA	NA	0.0753693620915905	1.54098430288669	0.260455863406932	-0.620510700310652	1.42635265064364	-0.822204744663281
48.6170273666667	1	6	6	2000	NA	NA	0.18818651806718	1.15166657488005	-0.515499821380395	-1.53494413547407	1.48973563787141	-0.989594115621744	NA	NA	NA	0.18818651806718	1.1774044576413	-0.446879369981778	-1.52478870443817	1.42635265064364	-0.978563315613064
52.5844898064516	1	7	7	2000	-0.664946465671921	1.23256469213326	-1.14154015026422	0.794383067184077	-0.638511921623284	-0.849636998177112	1.14104246099929	-0.834246800520595	81.2701613225806	-0.624084728446334	1.22944867341282	-1.06077357989377	0.756725935901289	-0.609748294800633	-0.842084282113707	1.17341596476301	-0.822204744663281
48.1078031290323	1	8	8	2000	-0.219148820609406	1.39386234992884	-0.402201002165247	0.606583169237202	-1.38056848003249	-1.20507513859201	1.39371418733028	-0.929288678151607	83.3736558709677	-0.214196938857052	1.35633527417047	-0.402201002165247	0.541664723092582	-1.44992879367961	-1.19240877586699	1.42635265064364	-0.90479250924883
62.0304294	1	9	9	2000	0.682716005455579	0.792937921704867	-0.313239384064244	0.168867344976699	-0.536085395310731	-1.51463327340228	0.0830290989902908	-0.106124299853925	75.5369564666667	0.571338924744412	0.733818227851782	-0.280339628841865	0.227932779623409	-0.446879369981778	-1.52478870443817	0.0832640195635056	-0.137643757158443
54.5983041935484	1	10	10	2000	1.36274029842064	0.0343386292421914	-0.297175889213644	0.0898304969615027	1.05107195502838	-0.905426113939455	-0.890558257860667	0.56897518203705	65.6440076296296	1.29269051047897	0.144023303330422	-0.280339628841865	0.0537021986879592	1.01218924511667	-1.03107561629899	-0.843993188348976	0.654588581203628
58.3737502413793	1	11	11	2000	-0.209245057104699	-1.21651580996111	-0.697041372493659	-1.39267414971287	1.60512761942193	0.15915950339237	-1.86037130652978	1.36899705061594	49.3315234333333	-0.214196938857052	-1.21227226128901	-0.702706672326336	-1.49785760808062	1.64420482433872	0.0872356283867333	-1.72395520050024	1.39062737685062
46.4278124516129	1	12	12	2000	0.056309296405732	-1.30314343765584	-0.632626036523869	-1.70961546081877	0.10552006229254	1.63875498893628	-2.54551287436084	1.73564785351654	48.2018062068965	-0.014121932829995	-1.35556851746862	-0.587483456452472	-1.49785760808062	0.112702554980436	1.65467643159471	-2.19504153605945	1.74830869802111
49.6491775483871	1	13	1	2001	0.144827766386244	-1.3320194284284	1.56455950219036	-0.445539563474775	1.27904109227986	1.00454987827349	-2.19374573489085	1.45107715478401	47.8252323	0.127708607418894	-1.35556851746862	1.33706016167143	-0.449905619896272	1.29305930354624	0.901447405000643	-2.19504153605945	1.39062737685062
86.9532962142857	1	14	2	2001	-1.36077166772681	-1.14759458686201	NA	NA	2.58742641106298	-0.28637520530582	-0.979209117091092	1.3247620284541	50.2303301428571	-1.2532350325725	-1.10666369693791	NA	NA	2.1015495316206	-0.296745195940469	-1.1338558475168	1.25505904589943
89.1424716129032	1	15	3	2001	0.77797189000553	-0.465028809157468	-0.270495928841341	-0.0414423046678601	-0.183828781423697	-0.250941588154895	-0.07995447145084	0.632700155728983	59.1317203548387	0.805545204353813	-0.485003895941534	-0.280339628841865	-0.06644920434176	-0.183828781423697	-0.217807076367745	-0.07995447145084	0.654588581203628
63.2062498666667	1	16	4	2001	1.51023480797823	-0.397180220002966	-0.0722904320996503	0.708308542420416	0.79130271985422	-0.125468035223237	-0.302924222509613	0.199916733383339	60.0165387666667	1.63944039169428	-0.485003895941534	-0.0600975878834521	0.756725935901289	0.765101479794691	-0.217807076367745	-0.271331172522832	0.179561712389015
56.3046878461538	1	17	5	2001	0.393151527472229	1.04075960774976	-0.755142398914577	0.618175848270909	-0.454410753585542	-1.0312813596082	1.64543243110639	-1.21467094155829	78.7688171935484	0.398026103140723	1.12732983193851	-0.783980889259979	0.541664723092582	-0.446879369981778	-1.03107561629899	1.99617619719797	-1.17734061047225
49.2077075	1	18	6	2001	-0.133928092522465	1.21270051733303	-0.182362656767042	1.2498944035698	-0.55110913373566	-0.935873407007987	1.43880916559815	-1.4031350158068	81.0111111666667	-0.133527900845427	1.22944867341282	-0.182362656767042	1.31218532974966	-0.609748294800633	-1.03107561629899	1.42635265064364	-1.38512468238294
50.0300951666667	1	19	7	2001	-0.146165666446332	1.37005420133986	-0.827238579541271	0.972909044481644	-1.50216852466195	-1.08509783104891	1.25859271018151	-0.971719616935164	83.0631720645161	-0.133527900845427	1.35633527417047	-0.783980889259979	0.986820092388851	-1.44992879367961	-1.03107561629899	1.17341596476301	-0.978563315613064
43.1021282903226	1	20	8	2001	-0.103513164890771	1.35614034537719	-0.340942804006088	0.305175851426207	-0.749685992348618	-0.739946531246136	1.1656966905554	-0.849730675118322	82.8817204516129	-0.133527900845427	1.35633527417047	-0.280339628841865	0.388015922196406	-0.705794375122739	-0.750125145404512	1.17341596476301	-0.822204744663281
62.5399170333333	1	21	9	2001	-0.444080230851726	0.930472549238213	-1.22048468551015	-0.542164773681342	-1.45183293303085	-1.13476170062964	0.568683112920855	-0.538427890522114	77.3305556	-0.49717995576204	0.938673132048176	-1.22584086335693	-0.582893316858504	-1.44992879367961	-1.19240877586699	0.517878574817352	-0.339486222528213
43.6953274516129	1	22	10	2001	1.55077200908069	0.279723221040615	-0.750430227215594	-1.1299861832642	-0.36271687690647	-0.0744407314904184	0.710206532971629	0.0728000002844851	68.8440860322581	1.63944039169428	0.144023303330422	-0.783980889259979	-1.1075454865699	-0.298318002758208	-0.0664711053581951	0.822176653550822	0.0602247006532029
40.7734519333333	1	23	11	2001	0.440420240142504	-0.661637858566959	0.698518291675756	-1.35930723269826	-0.413746134844601	0.539844165351428	-1.60029559654918	1.46024437761068	56.5677273666667	0.398026103140723	-0.698192319596893	0.698518291675756	-1.32798769069552	-0.446879369981778	0.542018489467147	-1.72395520050024	1.57003033031833
85.5995457419355	1	24	12	2001	-0.842191305469482	-1.31676291702708	-0.110046616940025	-0.830897401259942	1.33831175708956	0.946070172926129	-1.81514857831104	1.65882732954379	48.0241935806452	-0.832321924322305	-1.35556851746862	-0.182362656767042	-0.88886040691758	1.29305930354624	0.901447405000643	-1.72395520050024	1.57003033031833
NA	1	25	1	2002	-1.10177929042615	-1.53880482885417	-0.749497670333725	-1.13457462165966	1.35526533505528	1.45299826914981	-1.69793133928905	1.64885646540433	45.1285287741935	-0.975519851986056	-1.50834559738972	-0.783980889259979	-1.1075454865699	1.29305930354624	1.45047951251527	-1.72395520050024	1.57003033031833
NA	1	26	2	2002	1.18461495460348	-0.904404816835552	0.905947270330087	-0.654938473684865	1.14569734357555	1.65976960251218	-1.12003377834192	0.904034500463605	53.4017857142857	1.29269051047897	-0.903195270960539	0.912283465596761	-0.747430863416841	1.08926526237477	1.65467643159471	-1.1338558475168	0.990058171439474
NA	1	27	3	2002	1.32038532189968	-0.641971827464644	0.589616103582825	0.901498564531555	1.44181446347385	0.320293266103772	0.649749731098938	0.110769369258103	56.824193516129	1.29269051047897	-0.616402969163687	0.698518291675756	0.986820092388851	1.64420482433872	0.319301197596726	0.650315875450132	0.179561712389015
NA	1	28	4	2002	0.204102267533799	-0.124462719253769	0.126834079942198	1.45353757944944	-0.583419895423154	-0.380338397460484	0.384782050311152	0.0862408060807976	63.5730676333333	0.252314088001641	-0.197404745703862	0.18818651806718	1.31218532974966	-0.609748294800633	-0.450540109703472	0.399434748873842	0.0602247006532029
NA	1	29	5	2002	1.01240266369537	0.455347000495855	0.146766565361853	1.35546422521796	-0.223667033977371	-0.735290402854224	0.998020731581043	-0.680776842321678	71.1344085806452	1.02917930394424	0.451894308676792	0.18818651806718	1.31218532974966	-0.183828781423697	-0.750125145404512	0.999687053777329	-0.592792533695791
NA	1	30	6	2002	-0.832686871998094	1.13392239907237	-0.27589932738094	1.7101207545548	-0.920762002397576	-0.571153508731738	0.486187661680992	-1.05943497597793	79.9837599666667	-0.832321924322305	1.12732983193851	-0.280339628841865	1.72186727184566	-0.879957984141197	-0.620510700310652	0.517878574817352	-1.06248443697433
NA	1	31	7	2002	-0.362630515896593	1.44066813080209	-0.577618713420981	1.46968694040534	-1.01912345014496	0.0495507488944904	0.491452229186431	-1.06274134184428	83.9840534814815	-0.36892794382177	1.48677599055313	-0.587483456452472	1.54098430288669	-1.13266373367542	0.0872356283867333	0.517878574817352	-1.06248443697433
NA	1	32	8	2002	-0.29497548245885	1.26523647900036	-1.19525889858526	1.05869420159811	-0.697665773575446	-0.267617115980875	0.965466269369858	-0.978563315613064	81.696236483871	-0.36892794382177	1.22944867341282	-1.22584086335693	0.986820092388851	-0.705794375122739	-0.217807076367745	0.999687053777329	-0.978563315613064
NA	1	33	9	2002	0.18601833961262	0.954967803364459	-0.460883191943054	0.895315811654313	-0.672850048275224	-0.815757109445755	1.00135337597361	-0.810162688805966	77.65	0.252314088001641	0.938673132048176	-0.483717843159451	0.986820092388851	-0.609748294800633	-0.842084282113707	0.999687053777329	-0.822204744663281
NA	1	34	10	2002	0.99091843563449	0.00227062576047465	-0.808732606833969	-0.843122312127863	-0.217411449634891	-0.217807076367745	-0.439824383811631	0.158602881723321	65.2258064516129	1.02917930394424	-0.0205135966026651	-0.783980889259979	-0.88886040691758	-0.183828781423697	-0.217807076367745	-0.443050315578307	0.179561712389015
NA	1	35	11	2002	0.415204432300334	-0.730092907642593	-0.699962916609793	-1.37829934270953	0.033723358035464	1.70959357533221	-1.27530283813695	1.38342830840716	55.6750000666667	0.398026103140723	-0.698192319596893	-0.702706672326336	-1.32798769069552	0.0330084130391267	1.65467643159471	-1.1338558475168	1.39062737685062
NA	1	36	12	2002	-1.47945126810008	-1.10887960403387	2.65269745505688	-0.624549439436792	0.765101479794691	1.51163103217944	-1.73097007471058	1.4150205397629	50.7352150645161	-1.50864180228001	-1.10666369693791	2.65269745505688	-0.582893316858504	0.765101479794691	1.65467643159471	-1.72395520050024	1.39062737685062
NA	1	37	1	2003	1.23451160360248	-1.15072423587255	-0.732995168180034	-1.2157715073139	-0.793914133503341	2.52618635010578	-2.42741778267449	1.97971127791729	50.1895161612903	1.29269051047897	-1.21227226128901	-0.702706672326336	-1.32798769069552	-0.879957984141197	2.12613570361062	-2.19504153605945	1.74830869802111
NA	1	38	2	2003	-2.28675706134706	-0.998886521729179	0.697265581138191	0.371833290841706	0.726380242724572	-0.0614119402704784	-0.817066086350041	1.03199029500834	52.1696428928571	-1.6826035558145	-0.978766791625912	0.698518291675756	0.388015922196406	0.765101479794691	-0.0664711053581951	-0.843993188348976	0.990058171439474
NA	1	39	3	2003	1.31674743885901	-0.487423485604419	0.738143599015371	0.170702110101143	1.09150101596475	0.665931825335883	-0.786781473904451	0.694738287026115	58.8396697419355	1.29269051047897	-0.485003895941534	0.698518291675756	0.227932779623409	1.08926526237477	0.682293341818399	-0.843993188348976	0.654588581203628
NA	1	40	4	2003	0.361662381107579	-0.48258430627865	0.0722985975651548	1.72186727184566	0.168619268672832	-0.0347496461326824	-0.397857720975503	0.514124508284703	58.9027778333333	0.398026103140723	-0.485003895941534	0.0753693620915905	1.72186727184566	0.112702554980436	0.0872356283867333	-0.443050315578307	0.44861520995901
NA	1	41	5	2003	1.91695162090882	0.390312613666535	0.173154668068298	1.22562744421755	-0.494578327131583	-0.467994386354322	0.0859507444815299	-0.171605617981191	70.2862903870968	1.63944039169428	0.451894308676792	0.18818651806718	1.1774044576413	-0.446879369981778	-0.450540109703472	0.0832640195635056	-0.137643757158443
NA	1	42	6	2003	-0.250153515943679	1.09725330015473	-0.93952953413275	1.52541167196537	-0.955683546267058	-1.62429003710744	0.822176653550822	-0.697632305550156	79.5055555666667	-0.214196938857052	1.12732983193851	-0.893817044115424	1.54098430288669	-0.879957984141197	-1.68566293697773	0.822176653550822	-0.592792533695791
NA	1	43	7	2003	-1.52273564087468	1.66574940035033	-1.03740123148838	0.281990715936449	-1.12359509273466	-0.371027200115262	1.20002189253951	-1.06222753210438	86.9193547741936	-1.50864180228001	1.66574940035033	-1.06077357989377	0.227932779623409	-1.13266373367542	-0.450540109703472	1.17341596476301	-1.06248443697433
NA	1	44	8	2003	-1.32748199741767	1.29533164483844	-0.70545042804288	0.373677575268067	-1.44087963069405	-0.0579767838475268	0.353258964810898	-0.339486222528213	82.0887097419355	-1.2532350325725	1.22944867341282	-0.702706672326336	0.388015922196406	-1.44992879367961	0.0872356283867333	0.399434748873842	-0.339486222528213
NA	1	45	9	2003	-0.416656259909203	1.15156887632106	-0.945859538593588	-0.168419791594473	-0.687649475021003	-0.801155179162336	0.264237538411363	-0.28357708938155	80.2138889666667	-0.49717995576204	1.12732983193851	-0.893817044115424	-0.25776561066343	-0.705794375122739	-0.842084282113707	0.302390293911453	-0.339486222528213
NA	1	46	10	2003	-0.639039025337726	0.380624446468004	-0.0600975878834521	-1.0766604717977	0.767131809692895	-0.101619682775185	0.081455769304535	0.0858030283884288	70.1599462903226	-0.624084728446334	0.451894308676792	-0.0600975878834521	-1.1075454865699	0.765101479794691	-0.0664711053581951	0.0832640195635056	0.0602247006532029
NA	1	47	11	2003	-0.985703764703647	-0.963223875737299	-1.06077357989377	-1.32798769069552	0.641690585868938	1.10973959261223	-1.36622834295014	1.24959406924544	52.6347220666667	-0.975519851986056	-0.978766791625912	-1.06077357989377	-1.32798769069552	0.765101479794691	1.1705334287297	-1.3408771705225	1.25505904589943
NA	1	48	12	2003	-0.984050356088502	-1.11712485366079	1.2070043381334	-0.411245870193416	2.1015495316206	1.28060975784683	-1.58822077308253	1.38901448560812	50.6276881612903	-0.975519851986056	-1.10666369693791	0.912283465596761	-0.25776561066343	2.1015495316206	1.1705334287297	-1.3408771705225	1.39062737685062
NA	1	49	1	2004	-0.147745363450612	-1.38993950190053	-1.15002206384607	-0.88886040691758	0.256642141676094	1.48964961442754	-2.19504153605945	1.70647658772234	47.0698923870968	-0.214196938857052	-1.35556851746862	-1.22584086335693	-0.88886040691758	0.260455863406932	1.45047951251527	-2.19504153605945	1.57003033031833
NA	1	50	2	2004	-0.100244779719341	-1.02203084062791	1.11497082810841	0.041584513966622	1.97663057621167	0.839925067885884	-0.922749346715236	0.907424535958353	51.867816137931	-0.133527900845427	-0.978766791625912	0.912283465596761	0.0537021986879592	2.1015495316206	0.901447405000643	-0.843993188348976	0.990058171439474
NA	1	51	3	2004	0.830102710074774	-0.0986305971933392	-0.538521253373377	-0.447660242583109	1.54921706738334	0.737979367098724	-0.600409345055844	0.641335295370448	63.9099462258065	0.805545204353813	-0.0205135966026651	-0.587483456452472	-0.449905619896272	1.64420482433872	0.682293341818399	-0.598302077605402	0.654588581203628
NA	1	52	4	2004	1.12724847621973	0.111159429312308	-0.085464808078414	0.773130124623598	1.29944293557987	-0.103171753725975	0.650882019801327	-0.590052199580753	66.6458333	1.02917930394424	0.144023303330422	-0.0600975878834521	0.756725935901289	1.29305930354624	-0.217807076367745	0.650315875450132	-0.592792533695791
NA	1	53	5	2004	0.801351762054209	0.524194822760191	-0.922895550807657	1.44356786249675	-0.199522626916964	-0.235457175028095	0.302390293911453	-0.880356232501962	72.0322580645161	0.805545204353813	0.451894308676792	-0.893817044115424	1.31218532974966	-0.183828781423697	-0.217807076367745	0.302390293911453	-0.90479250924883
NA	1	54	6	2004	-0.709505191815982	1.01705796723399	-0.881585579724825	1.24031135223218	-0.761646622358563	-0.72814551431818	0.13643513490014	-0.903422345373631	78.4597223666667	-0.832321924322305	0.938673132048176	-0.893817044115424	1.31218532974966	-0.705794375122739	-0.750125145404512	0.0832640195635056	-0.90479250924883
NA	1	55	7	2004	-1.35959131480585	1.45916777574067	-1.08122442506369	0.497612977615287	NA	NA	0.376103738415187	-0.926651320663793	84.2253087037037	-1.2532350325725	1.48677599055313	-1.06077357989377	0.541664723092582	NA	NA	0.399434748873842	-0.90479250924883
NA	1	56	8	2004	NA	NA	NA	NA	NA	NA	NA	NA	NA	NA	NA	NA	NA	NA	NA	NA	NA
NA	1	57	9	2004	NA	NA	NA	NA	NA	NA	NA	NA	NA	NA	NA	NA	NA	NA	NA	NA	NA
NA	1	58	10	2004	NA	NA	NA	NA	NA	NA	NA	NA	NA	NA	NA	NA	NA	NA	NA	NA	NA
NA	1	59	11	2004	-1.68171423142809	-1.04289853291984	0.584055773071031	-0.796119908237537	1.08702950878479	1.19399909167656	-0.843993188348976	1.17619443552801	51.595679037037	-1.6826035558145	-1.10666369693791	0.460761860248341	-0.747430863416841	1.08926526237477	1.1705334287297	-0.843993188348976	1.25505904589943
NA	1	60	12	2004	-0.96698934788361	-1.42941362329652	2.16168955305953	0.0663687221751613	1.45859482065204	0.827392271505628	-1.4279002173354	1.54291217022659	46.555107483871	-0.975519851986056	-1.35556851746862	2.14863560334465	0.0537021986879592	1.64420482433872	0.901447405000643	-1.3408771705225	1.57003033031833
NA	1	61	1	2005	-1.03302174423585	-1.25451129891672	2.60321969179978	-0.381105127283434	1.07755208708705	0.6796946075368	-2.01810322182438	1.84993763355082	48.836021483871	-0.975519851986056	-1.21227226128901	2.65269745505688	-0.25776561066343	1.08926526237477	0.682293341818399	-2.19504153605945	1.74830869802111
NA	1	62	2	2005	-2.75618282332916	-0.845753125112873	0.428587842447016	-0.0311745885390572	0.424802467361764	-0.287514112709477	-1.30356375031218	1.33753092460829	54.1666667142857	-1.6826035558145	-0.903195270960539	0.460761860248341	-0.06644920434176	0.443689793503569	-0.296745195940469	-1.3408771705225	1.25505904589943
NA	1	63	3	2005	-0.278019812663135	-0.503953245431046	0.0222082358904196	0.243348897646072	0.26540365253348	0.39341297611884	-0.596194810154959	0.829627605562687	58.6241039354839	-0.214196938857052	-0.485003895941534	-0.0600975878834521	0.227932779623409	0.260455863406932	0.542018489467147	-0.598302077605402	0.784444534472874
NA	1	64	4	2005	0.425651691040864	-0.350096921874193	1.22679545135268	1.21635320639508	-0.564774550154321	0.124920507878976	0.459178424668602	-0.0241295943092911	60.6305555	0.398026103140723	-0.485003895941534	0.912283465596761	1.1774044576413	-0.609748294800633	0.0872356283867333	0.517878574817352	0.0602247006532029
NA	1	65	5	2005	-0.133527900845427	0.369081100948023	0.222632465253008	0.982182965130953	-1.84167183873133	-0.750125145404512	0.636107658195269	-0.135248461697279	70.0094086774194	-0.133527900845427	0.451894308676792	0.18818651806718	0.986820092388851	-1.57635220689348	-0.750125145404512	0.650315875450132	-0.137643757158443
NA	1	66	6	2005	-0.70101678870245	0.707565703972239	-0.629358953280191	1.72426326467697	-1.57635220689348	-1.53555955144886	0.24382857027206	-0.779930646873136	74.4236111333333	-0.832321924322305	0.733818227851782	-0.587483456452472	1.72186727184566	-1.57635220689348	-1.52478870443817	0.302390293911453	-0.822204744663281
NA	1	67	7	2005	-1.6826035558145	1.71790060040662	-1.12975973798057	0.736420172815269	-1.28711863737731	-1.29727790501583	-0.285497131569558	-1.08395628100144	87.5994623870968	-1.6826035558145	1.66574940035033	-1.06077357989377	0.756725935901289	-1.28501696732808	-1.19240877586699	-0.271331172522832	-1.06248443697433
NA	1	68	8	2005	-1.44848869877752	1.48816737367582	-0.715560176999692	0.423420342903809	-1.44905082386122	-1.13750668290724	0.775451682730835	-1.11381192220683	84.6034945806452	-1.50864180228001	1.48677599055313	-0.702706672326336	0.388015922196406	-1.44992879367961	-1.19240877586699	0.822176653550822	-1.17734061047225
NA	1	69	9	2005	-0.0150908328687095	0.637168460433073	0.752044532480969	0.102305663636147	-1.01159248721487	-0.481535145149539	0.65960862449012	-0.595532867810829	73.5055555333333	-0.014121932829995	0.733818227851782	0.698518291675756	0.0537021986879592	-1.13266373367542	-0.450540109703472	0.650315875450132	-0.592792533695791
NA	1	70	10	2005	1.45030168724848	0.00577485202845004	-0.807918672182683	-0.847127096262718	1.76758846623209	-0.00113332413784103	0.337532766189875	0.179561712389015	65.2715053225807	1.63944039169428	-0.0205135966026651	-0.783980889259979	-0.88886040691758	1.64420482433872	0.0872356283867333	0.302390293911453	0.179561712389015
NA	1	71	11	2005	0.0599986380564274	-0.614219697913562	-0.671721296219423	-1.51725594457336	-0.658617640301691	1.30510332265355	-0.401235751257117	0.643538858982145	57.1861110666667	0.127708607418894	-0.616402969163687	-0.587483456452472	-1.49785760808062	-0.609748294800633	1.45047951251527	-0.443050315578307	0.654588581203628
NA	1	72	12	2005	0.956164563170993	-0.906561838372867	1.36486195999347	-1.18794913327742	0.243527327585811	1.50258941299649	-1.28229047131178	1.26052402255342	53.3736558387097	1.02917930394424	-0.903195270960539	1.33706016167143	-1.1075454865699	0.260455863406932	1.45047951251527	-1.3408771705225	1.25505904589943
25.3741615862069	1	73	1	2006	0.213746272122542	-0.971097599602398	0.825225627195782	-0.25776561066343	0.613129179106333	2.18523071275188	-1.28628959423922	1.00845002067434	52.5320402580645	0.252314088001641	-0.978766791625912	0.912283465596761	-0.25776561066343	0.765101479794691	2.12613570361062	-1.3408771705225	0.990058171439474
31.4764061785714	1	74	2	2006	0.400373118106367	-0.648573914661947	2.52636087538678	-0.00293844263853496	0.445154741087604	1.30365269161172	-0.128338630278611	0.15391617361114	56.7380952142857	0.398026103140723	-0.698192319596893	2.65269745505688	0.0537021986879592	0.443689793503569	1.1705334287297	-0.07995447145084	0.179561712389015
38.3549661612903	1	75	3	2006	1.65061045969386	-0.749695989822053	0.696287277318363	0.376646816854539	0.440304258956194	-0.302809034872224	-0.579395422243334	0.500844875646154	55.4193548387097	1.63944039169428	-0.698192319596893	0.698518291675756	0.388015922196406	0.443689793503569	-0.296745195940469	-0.598302077605402	0.44861520995901
35.3075482666667	1	76	4	2006	0.442628426749126	-0.048911751062206	0.540232560688928	1.14447928637683	0.000779031187902525	-0.433085833052622	-0.182085601815139	0.187671491958649	64.5583333333333	0.571338924744412	-0.0205135966026651	0.460761860248341	1.1774044576413	0.0330084130391267	-0.450540109703472	-0.271331172522832	0.179561712389015
49.4682093548387	1	77	5	2006	0.877006100214701	0.882919326723148	-0.219668757568248	1.43345076203897	0.673073383002687	-0.532471884646384	1.10218513414829	-0.80984279410886	76.7104105483871	0.805545204353813	0.938673132048176	-0.182362656767042	1.31218532974966	0.765101479794691	-0.620510700310652	1.17341596476301	-0.822204744663281
49.1298309	1	78	6	2006	-0.193488657110365	1.53885325002893	-0.895367625193568	1.30812283679283	-0.895544078613493	-0.59603490253929	0.353094600207601	-1.16678624766614	85.2644928	-0.214196938857052	1.48677599055313	-0.893817044115424	1.31218532974966	-0.879957984141197	-0.620510700310652	0.302390293911453	-1.17734061047225
39.0221064516129	1	79	7	2006	-0.0494866705030588	1.87528177365795	-0.479480575053582	0.986820092388851	-1.30072728808969	-0.760195429157756	-0.0655160862484512	-1.28575986868387	89.6518817741936	-0.014121932829995	1.66574940035033	-0.483717843159451	0.986820092388851	-1.28501696732808	-0.750125145404512	-0.07995447145084	-1.38512468238294
49.6760168387097	1	80	8	2006	-0.499707512673556	1.48538460743044	-0.739592233438856	0.541664723092582	-0.692288145881704	-0.796578410772641	0.206225199646216	-1.13819260118491	84.5672043225807	-0.49717995576204	1.48677599055313	-0.702706672326336	0.541664723092582	-0.705794375122739	-0.750125145404512	0.193080827650116	-1.17734061047225
51.994922	1	81	9	2006	0.618107806840077	1.12073726480464	0.0607521410264298	0.0537021986879592	-0.783054078200512	-0.707023738244071	0.499900907754635	-1.06804746098983	79.8118116666667	0.571338924744412	1.12732983193851	0.0753693620915905	0.0537021986879592	-0.879957984141197	-0.750125145404512	0.517878574817352	-1.06248443697433
43.9637832580645	1	82	10	2006	0.809738646653417	0.0613740639010412	-0.487552699663632	-0.698439657061579	1.02869787230857	-0.359695179646168	0.160222974670217	-0.0909588384977031	65.9965787096774	0.805545204353813	0.144023303330422	-0.483717843159451	-0.747430863416841	1.01218924511667	-0.296745195940469	0.193080827650116	-0.137643757158443
46.162776	1	83	11	2006	0.121049633207528	-0.557454599401841	-0.41852082563147	-1.03809561529661	1.06917291878855	1.21161738775678	-0.840521322203855	0.728489131686457	57.9263888666667	0.127708607418894	-0.485003895941534	-0.402201002165247	-0.88886040691758	1.08926526237477	1.1705334287297	-0.843993188348976	0.784444534472874
37.2061711612903	1	84	12	2006	2.35864197035087	-1.13402760624377	1.28475510896599	-0.793801217862978	0.142285407312042	2.12613570361062	-0.578759774834574	0.436799258746509	50.4072581290323	2.30452068453819	-1.10666369693791	1.33706016167143	-0.747430863416841	0.112702554980436	2.12613570361062	-0.598302077605402	0.44861520995901
37.6227208709677	1	85	1	2007	0.685350265403563	-1.50834559738972	0.67527335312868	-1.24493569075456	2.35610844265422	1.55310333386747	0.143869150933553	0.428483270918583	45.5257498387097	0.805545204353813	-1.50834559738972	0.698518291675756	-1.32798769069552	2.1015495316206	1.65467643159471	0.193080827650116	0.44861520995901
33.5484222857143	1	86	2	2007	-0.328760020360708	-0.94748590123164	0.786477005020653	-0.0671116471182872	1.68328202925551	1.12935891589746	-0.755496424578333	0.80238279183989	52.8399621428571	-0.36892794382177	-0.903195270960539	0.698518291675756	-0.06644920434176	1.64420482433872	1.1705334287297	-0.843993188348976	0.784444534472874
53.2212542258064	1	87	3	2007	0.322889466420395	-0.316574414644221	0.801323920630744	-0.1401625879928	-0.300645453783738	0.951908229307842	0.388230245800075	-0.0432176112652747	61.0677249677419	0.252314088001641	-0.197404745703862	0.698518291675756	-0.06644920434176	-0.298318002758208	0.901447405000643	0.399434748873842	-0.137643757158443
47.2472826666667	1	88	4	2007	1.84386314147986	-0.122610522496442	0.194029582927094	1.12291707587182	-0.275873872369463	-0.160124827208095	0.913665162284937	-0.373212443900435	63.5972222666667	1.63944039169428	-0.197404745703862	0.18818651806718	1.1774044576413	-0.298318002758208	-0.217807076367745	0.822176653550822	-0.339486222528213
45.5049301071429	1	89	5	2007	-0.375225371746947	0.601287884757157	0.465309098530331	1.51312349154368	-1.16914026763504	-0.890026437607443	0.127631352961929	-1.27977163105752	73.0376343225806	-0.36892794382177	0.451894308676792	0.460761860248341	1.54098430288669	-1.13266373367542	-0.842084282113707	0.0832640195635056	-1.17734061047225
45.5880710333333	1	90	6	2007	-0.245582831919559	1.09576227766265	-0.195022700747248	1.31218532974966	-1.16264871864254	-0.896431357706585	-0.167025191192829	-1.28565436162923	79.4861110333333	-0.214196938857052	1.12732983193851	-0.182362656767042	1.31218532974966	-1.13266373367542	-0.842084282113707	-0.271331172522832	-1.38512468238294
45.9131629677419	1	91	7	2007	0.359977344430347	1.43498553163923	-0.801792850104927	0.847709001228232	-0.864371889668901	-0.626791102598211	-0.257165213476105	-1.03810349185238	83.9099462903226	0.398026103140723	1.48677599055313	-0.783980889259979	0.756725935901289	-0.879957984141197	-0.620510700310652	-0.271331172522832	-0.978563315613064
35.0886743548387	1	92	8	2007	-0.564520942236007	1.3531660626344	-0.988211423158831	0.039963221857617	-1.35556454070425	-1.229745403539	0.166138291286662	-1.04936996272416	82.8429326129032	-0.624084728446334	1.35633527417047	-1.06077357989377	0.0537021986879592	-1.28501696732808	-1.19240877586699	0.193080827650116	-0.978563315613064
37.5231884333333	1	93	9	2007	0.638840452327543	0.653889142192276	-0.00950463768658687	0.399385027538273	-0.787332956504591	-0.702801961025219	0.458193176252078	-0.405389242018986	73.7236111666667	0.571338924744412	0.733818227851782	-0.0600975878834521	0.388015922196406	-0.879957984141197	-0.620510700310652	0.399434748873842	-0.339486222528213
49.2075736451613	1	94	10	2007	0.136604601423806	-0.102444015313335	0.0916341779712483	-0.0982459846375429	1.0749182039712	0.682293341818399	0.315466566315407	0.0661273893000515	63.8602151612903	0.127708607418894	-0.197404745703862	0.0753693620915905	-0.06644920434176	1.08926526237477	0.682293341818399	0.302390293911453	0.0602247006532029
39.2500345333333	1	95	11	2007	-0.866866559897849	-0.618586240413811	-0.334769878720738	-1.45017349272469	-0.705794375122739	0.827995059111756	-0.623200943949971	0.846588573176768	57.1291666666667	-0.975519851986056	-0.616402969163687	-0.280339628841865	-1.49785760808062	-0.705794375122739	0.901447405000643	-0.598302077605402	0.784444534472874
25.191189483871	1	96	12	2007	-0.852301517950207	-1.46682643352257	-0.0699931970808875	-1.02797133114496	0.995680617924771	1.80778437409272	-0.85254422502329	0.990625627585141	46.0672042903226	-0.832321924322305	-1.35556851746862	-0.0600975878834521	-0.88886040691758	1.01218924511667	1.65467643159471	-0.843993188348976	0.990058171439474
22.1778868064516	1	97	1	2008	-1.17551269640458	-1.20802871261691	2.32425936923698	0.991456997069091	0.4928183538606	0.692688525829547	-0.662938278435027	0.871545260734744	49.4422042903226	-1.2532350325725	-1.21227226128901	2.14863560334465	0.986820092388851	0.443689793503569	0.682293341818399	-0.598302077605402	0.784444534472874
26.570753137931	1	98	2	2008	0.254283547683308	-0.98432143859662	2.87014109202636	0.0305444242602163	0.326462241513269	0.856824637075156	-0.495689751693042	0.766506277105858	52.3595872068965	0.252314088001641	-0.978766791625912	2.65269745505688	0.0537021986879592	0.260455863406932	0.901447405000643	-0.443050315578307	0.784444534472874
30.7952313548387	1	99	3	2008	-0.595122735848073	-0.553871349522912	-0.0803599589857642	0.748012851848976	-0.295990551732679	1.47097087718472	0.0834989401367205	-0.17006578357157	57.9731182903226	-0.624084728446334	-0.485003895941534	-0.0600975878834521	0.756725935901289	-0.298318002758208	1.45047951251527	0.0832640195635056	-0.137643757158443
32.5794082	1	100	4	2008	1.13736921723351	-0.198865325915874	0.117095568391949	1.50145375612518	-0.439347986378015	0.565104363441464	1.42698603596624	-0.759245561307579	62.6027778	1.02917930394424	-0.197404745703862	0.0753693620915905	1.54098430288669	-0.446879369981778	0.682293341818399	1.42635265064364	-0.822204744663281
38.7929788387097	1	101	5	2008	1.26863358209893	0.448441616857729	0.102000951185328	1.57572345752598	-0.560646207865777	-0.92646360391575	1.07824911558489	-0.985749197890339	71.0443549677419	1.29269051047897	0.451894308676792	0.0753693620915905	1.54098430288669	-0.609748294800633	-1.03107561629899	0.999687053777329	-0.978563315613064
40.0393115333333	1	102	6	2008	1.04595594419312	1.13452869631476	-0.846040099044121	1.06541773286	-0.693830083064089	-0.795057050545292	-0.129022277896874	-1.50046097324094	79.9916667333333	1.02917930394424	1.12732983193851	-0.893817044115424	0.986820092388851	-0.705794375122739	-0.750125145404512	-0.07995447145084	-1.60954384930765
39.376249	1	103	7	2008	-0.104776937659528	1.50991421851558	-1.15897519799058	0.88016833558937	-0.969400066307985	-1.08710113142325	-0.310559988100159	-1.06821577178385	84.8870967741936	-0.133527900845427	1.48677599055313	-1.22584086335693	0.756725935901289	-0.879957984141197	-1.03107561629899	-0.271331172522832	-1.06248443697433
49.8948106774194	1	104	8	2008	-1.11200784558986	1.53176411988528	-0.691056911307073	0.302857482552708	-1.54996346265157	-1.56159614126456	-0.100794777325573	-1.19995698929815	85.1720429354839	-1.2532350325725	1.48677599055313	-0.702706672326336	0.227932779623409	-1.57635220689348	-1.52478870443817	-0.07995447145084	-1.17734061047225
52.7777792666667	1	105	9	2008	-0.525699202250865	1.03377863110101	-1.57886075596509	-0.503831993338583	-1.40624383988505	-1.17974241314198	0.242139538241068	-0.906162673124029	78.6777777666667	-0.49717995576204	0.938673132048176	-1.44359015599608	-0.449905619896272	-1.44992879367961	-1.19240877586699	0.193080827650116	-0.90479250924883
58.073632483871	1	106	10	2008	0.549544018010628	0.146253272696804	1.23716220534112	-0.559630937647758	0.0991547086758317	0.557443349024593	0.202138867789048	-0.56280857935513	67.1034946774193	0.571338924744412	0.144023303330422	1.33706016167143	-0.582893316858504	0.112702554980436	0.542018489467147	0.193080827650116	-0.592792533695791
38.8563673103448	1	107	11	2008	0.109523617002368	-0.630375454281343	0.000530235298803096	-1.37496616996082	0.0322934680427894	1.14706776578283	-1.14767791669168	1.23962818163885	56.9754226666667	0.127708607418894	-0.616402969163687	-0.0600975878834521	-1.32798769069552	0.0330084130391267	1.1705334287297	-1.1338558475168	1.25505904589943
26.6856432580645	1	108	12	2008	-1.50219929167771	-1.48486290440441	0.918619660863435	-0.717290148329065	1.04704236591903	0.709797180367136	-1.71694032628989	1.59714849041007	45.8319893548387	-1.50864180228001	-1.50834559738972	0.912283465596761	-0.747430863416841	1.01218924511667	0.682293341818399	-1.72395520050024	1.57003033031833
31.2147562258065	1	109	1	2009	0.148524333961192	-1.25654449544011	-0.688229610549524	-1.43603046139984	1.81236533523086	2.08959025887288	-1.46257214975857	1.50104117197494	48.8095064193548	0.127708607418894	-1.21227226128901	-0.702706672326336	-1.49785760808062	1.64420482433872	2.12613570361062	-1.3408771705225	1.57003033031833
28.5723696071429	1	110	2	2009	1.14332386186109	-0.967615878090938	2.13558165362976	0.194826825372383	-0.636076694178111	0.195271133884857	-0.5109642576268	0.903392105941907	52.5774456428571	1.02917930394424	-0.978766791625912	2.14863560334465	0.227932779623409	-0.609748294800633	0.319301197596726	-0.443050315578307	0.990058171439474
30.0997386129032	1	111	3	2009	0.04466478748537	-0.609217576574422	0.036501801889846	0.17302059026347	0.487495577879766	0.174284839190035	0.840969257011169	0.0543220120063543	57.2513440967742	-0.014121932829995	-0.616402969163687	0.0753693620915905	0.227932779623409	0.443689793503569	0.0872356283867333	0.822176653550822	0.0602247006532029
36.6309924333333	1	112	4	2009	2.30452068453819	-0.11952198832071	0.428240098563414	1.69551324817569	0.195269559227199	-0.0610442919586586	1.42571926532103	-0.694803572944506	63.6375000666667	2.30452068453819	-0.197404745703862	0.460761860248341	1.54098430288669	0.112702554980436	-0.0664711053581951	1.42635265064364	-0.592792533695791
39.517531516129	1	113	5	2009	0.53501057809125	0.841121544383474	-0.528015874566959	1.2256272216399	-0.134716836027785	-0.823053571757146	1.99617619719797	-0.862134878843697	76.1653226129032	0.571338924744412	0.733818227851782	-0.483717843159451	1.1774044576413	-0.183828781423697	-0.842084282113707	1.99617619719797	-0.822204744663281
32.6148847	1	114	6	2009	1.37798197296898	0.872855445176814	-0.595274221285201	1.556556933808	-1.99578268544799	-1.68566293697773	0.62864328047393	-0.894317372973228	76.5791667333333	1.29269051047897	0.938673132048176	-0.587483456452472	1.54098430288669	-1.57635220689348	-1.68566293697773	0.650315875450132	-0.90479250924883
38.0357643548387	1	115	7	2009	-0.392602334518029	1.60380697903915	-1.44359015599608	0.555575993577446	-1.1734204264709	-0.885803396945337	0.25389910509354	-1.42271939943383	86.1115591290323	-0.36892794382177	1.66574940035033	-1.44359015599608	0.541664723092582	-1.28501696732808	-0.842084282113707	0.302390293911453	-1.38512468238294
49.5273491612903	1	116	8	2009	-0.947400794141204	1.32470533333891	-1.3173040291041	-0.0657867615652328	-1.56071869169965	-0.503673577668899	0.184022787511184	-1.18789497327836	82.4717741612903	-0.975519851986056	1.22944867341282	-1.22584086335693	-0.06644920434176	-1.57635220689348	-0.450540109703472	0.193080827650116	-1.17734061047225
48.684058	1	117	9	2009	-0.413065003698581	1.15039735718813	-0.193646630096196	-0.419562159748301	-0.294132132677943	-0.665765651908482	1.3233929091519	-0.948770414637516	80.1986111	-0.49717995576204	1.12732983193851	-0.182362656767042	-0.449905619896272	-0.298318002758208	-0.620510700310652	1.17341596476301	-0.978563315613064
40.1221845806452	1	118	10	2009	-0.833976721811224	-0.0925497325813272	1.22349691080683	-0.492393900051983	-0.0685940509019075	-0.364638525895251	0.546889340182769	-0.0155692684152034	63.9892472258065	-0.832321924322305	-0.0205135966026651	0.912283465596761	-0.449905619896272	0.0330084130391267	-0.296745195940469	0.517878574817352	0.0602247006532029
47.0454296333333	1	119	11	2009	0.912100827964363	-0.815506811617497	-0.38930539615631	-1.18184362783079	-0.403852034229494	0.530082100247106	-0.624045453209393	0.719826151739113	54.5611111	0.805545204353813	-0.903195270960539	-0.402201002165247	-1.1075454865699	-0.446879369981778	0.542018489467147	-0.598302077605402	0.784444534472874
29.5161289032258	1	120	12	2009	-1.26682065428931	-1.33160436338726	0.300383190848784	-1.12534900036188	0.979657490948182	0.212346194933486	-1.31552599809485	1.40869011443095	47.8306451935484	-1.2532350325725	-1.35556851746862	0.18818651806718	-1.1075454865699	1.01218924511667	0.319301197596726	-1.3408771705225	1.39062737685062
23.5259467096774	1	121	1	2010	-0.494652398850524	-1.27677346598342	2.65882326582543	-0.654690126702359	1.28667567151262	-0.614230298023093	-1.75494323969481	1.74830869802111	48.5456989354839	-0.49717995576204	-1.21227226128901	2.65269745505688	-0.582893316858504	1.29305930354624	-0.620510700310652	-1.72395520050024	1.74830869802111
28.3945134285714	1	122	2	2010	-0.720022355397762	-0.973212144655204	0.841777640636438	-0.339206105575766	0.0494097588972968	-0.481067589903242	-1.17145835882529	1.38185608977836	52.5044643214286	-0.832321924322305	-0.978766791625912	0.912283465596761	-0.25776561066343	0.0330084130391267	-0.450540109703472	-1.1338558475168	1.39062737685062
28.8623311935484	1	123	3	2010	0.250344628319975	-0.676313281994409	-0.372043134957529	0.45819810178286	-0.0276034514382231	0.682509937659039	-0.149013531815153	0.357840078038683	56.3763440967742	0.252314088001641	-0.698192319596893	-0.402201002165247	0.541664723092582	0.0330084130391267	0.682293341818399	-0.07995447145084	0.44861520995901
27.6492752666667	1	124	4	2010	0.124314379526819	-0.558519606338939	2.30776675094977	1.07260525136013	1.09236432134561	-0.422512008041016	-0.0368300125725877	0.351030597857593	57.9125000333333	0.127708607418894	-0.616402969163687	2.14863560334465	1.1774044576413	1.08926526237477	-0.450540109703472	-0.07995447145084	0.179561712389015
35.214522483871	1	125	5	2010	0.395679088175078	-0.0335962054168712	0.424313271473485	1.71483432610894	-0.375264683638262	-0.0620603736390774	1.17890916868178	-0.539796636827646	64.758064483871	0.398026103140723	-0.0205135966026651	0.460761860248341	1.72186727184566	-0.298318002758208	-0.0664711053581951	1.17341596476301	-0.592792533695791
32.7260870666667	1	126	6	2010	0.287225882952566	0.921952455401028	-1.23119704120372	1.23551982656337	-1.28291529727886	-0.777769721223015	0.0186261033448784	-0.956726215146156	77.2194444333333	0.252314088001641	0.938673132048176	-1.22584086335693	1.1774044576413	-1.28501696732808	-0.750125145404512	-0.07995447145084	-0.978563315613064
39.3131311290323	1	127	7	2010	-1.64058295580865	1.39746965498893	-1.0991306615194	0.5857166251986	-1.16743914020216	-1.41536029456546	-0.377984514413978	-1.15316319217114	83.420699	-1.6826035558145	1.35633527417047	-1.06077357989377	0.541664723092582	-1.13266373367542	-1.52478870443817	-0.443050315578307	-1.17734061047225
41.6311360322581	1	128	8	2010	0.939419479201624	1.16928241472757	-1.05153776920373	0.351546400627794	-1.17424347872805	-1.40864675906935	0.08186439954809	-1.06008888152863	80.444892516129	1.02917930394424	1.22944867341282	-1.06077357989377	0.388015922196406	-1.28501696732808	-1.52478870443817	0.0832640195635056	-1.06248443697433
59.8420289666667	1	129	9	2010	1.6282703236947	0.791207805903056	-0.512294795744657	-0.576701684987569	-0.781037232736599	-1.27295028700498	0.314212860173958	-0.569549272145189	75.5143939	1.63944039169428	0.733818227851782	-0.483717843159451	-0.582893316858504	-0.705794375122739	-1.19240877586699	0.302390293911453	-0.592792533695791
48.7870501290323	1	130	10	2010	1.96090913735864	-0.00743098778845904	2.12323416882537	-1.46939696664579	0.119885047668332	0.536989653761938	0.421035478225287	0.445350580180035	65.099287	2.30452068453819	-0.0205135966026651	2.14863560334465	-1.49785760808062	0.112702554980436	0.542018489467147	0.399434748873842	0.44861520995901
45.3097308666667	1	131	11	2010	3.19220876995254	-0.86918337339746	1.26574936900574	-0.700287708217321	1.25323014355845	1.03001638317623	-0.446276247344983	0.990058171439474	53.8611111333333	2.30452068453819	-0.903195270960539	1.33706016167143	-0.747430863416841	1.29305930354624	0.901447405000643	-0.443050315578307	0.990058171439474
21.5988779677419	1	132	12	2010	-1.23964941085569	-1.0337447867826	2.33321246945388	-0.777571578504616	0.204512153628601	-0.070163545116602	-1.59230709186343	1.709812882949	51.7150537096774	-1.2532350325725	-1.10666369693791	2.14863560334465	-0.747430863416841	0.260455863406932	-0.0664711053581951	-1.72395520050024	1.74830869802111
22.3744740967742	1	133	1	2011	-1.55275038441201	-1.46837241504485	1.28192779689924	-0.779890058666943	0.298894857324203	1.44796075588072	-1.20247073062776	1.46497954442311	46.0470430322581	-1.50864180228001	-1.50834559738972	1.33706016167143	-0.747430863416841	0.260455863406932	1.45047951251527	-1.1338558475168	1.57003033031833
26.5501811071429	1	134	2	2011	-0.375473614451382	-1.16228967739088	1.86692662785727	-0.208292807865112	1.73129539389639	0.558330852630181	0.410639251947609	0.451879839737985	50.0386903928571	-0.36892794382177	-1.21227226128901	2.14863560334465	-0.25776561066343	1.64420482433872	0.542018489467147	0.399434748873842	0.44861520995901
27.2033956129032	1	135	3	2011	-0.13650873063014	-0.703477796468421	2.08236122756865	0.456686076115628	-0.418153600138242	0.544192813582866	-0.0189377795535604	0.721671960829773	56.0220896774194	-0.133527900845427	-0.698192319596893	2.14863560334465	0.388015922196406	-0.446879369981778	0.542018489467147	-0.07995447145084	0.784444534472874
34.7209239	1	136	4	2011	-0.107157047337532	-0.329648704333027	-0.855778587222017	1.11333379453729	1.25850351612256	-0.0627786655997883	1.09523465306067	-0.169013564178688	60.8972222	-0.133527900845427	-0.197404745703862	-0.893817044115424	1.1774044576413	1.29305930354624	-0.0664711053581951	0.999687053777329	-0.137643757158443
45.5049089032258	1	137	5	2011	0.502468289016411	0.00824843631611117	-0.234447861581369	1.5061680510567	0.97921853237836	-0.834531566050302	2.21615724251908	-0.872999254318782	65.303763516129	0.571338924744412	-0.0205135966026651	-0.280339628841865	1.54098430288669	1.01218924511667	-0.842084282113707	1.99617619719797	-0.90479250924883
36.4253623333333	1	138	6	2011	0.783469313681892	0.760070751731326	-0.160451110954569	-0.582893316858504	0.0747761785255083	-1.55340635960431	2.25136782920942	-0.958759361336301	75.1083333	0.805545204353813	0.733818227851782	-0.182362656767042	-0.582893316858504	0.0330084130391267	-1.52478870443817	1.99617619719797	-0.978563315613064
27.4203041290323	1	139	7	2011	-1.5150843128823	1.35653020296375	-0.915493654805988	-0.317828358291149	-1.14173237461617	-1.96437943749714	0.697711484530691	-1.31957348265977	82.8868046129032	-1.50864180228001	1.35633527417047	-0.893817044115424	-0.25776561066343	-1.13266373367542	-1.68566293697773	0.650315875450132	-1.38512468238294
38.9326788064516	1	140	8	2011	-1.41784209160382	1.32480839976315	-1.29232949761201	-0.188668380300732	-1.48373093459083	-1.62694480468583	0.535856241880069	-1.40886091643767	82.4731182580645	-1.50864180228001	1.35633527417047	-1.22584086335693	-0.25776561066343	-1.44992879367961	-1.68566293697773	0.517878574817352	-1.38512468238294
47.0704042666667	1	141	9	2011	-1.14110634767732	1.15785243642013	-0.587483456452472	-0.206752629436458	-1.02639187313466	-1.03086987298977	0.989389486916383	-1.05723448854066	80.2958333333333	-1.2532350325725	1.22944867341282	-0.587483456452472	-0.25776561066343	-1.13266373367542	-1.03107561629899	0.999687053777329	-1.06248443697433
39.8274622903226	1	142	10	2011	-0.141972201398727	0.14179333396404	-0.382538459882453	-1.21513883032437	-1.22525104137597	-0.270727837143071	0.576682433645321	0.0930122463117889	67.0453322903226	-0.133527900845427	0.144023303330422	-0.402201002165247	-1.32798769069552	-1.28501696732808	-0.296745195940469	0.517878574817352	0.179561712389015
32.9289854333333	1	143	11	2011	0.00188592634582214	-0.901985725085525	0.865010873808331	-0.453520053828434	0.808680322412825	0.381041694961675	-0.587872311101532	1.0789863486412	53.4333332666667	-0.014121932829995	-0.903195270960539	0.912283465596761	-0.449905619896272	0.765101479794691	0.319301197596726	-0.598302077605402	0.990058171439474
32.0841514516129	1	144	12	2011	-1.60424933326221	-1.60493433385394	-1.3465194664957	-1.64701555048089	2.05084628074466	1.33063638030667	0.254171536152804	0.550148028749744	44.2661290645161	-1.50864180228001	-1.50834559738972	-1.22584086335693	-1.49785760808062	2.1015495316206	1.45047951251527	0.302390293911453	0.44861520995901
29.1885227096774	1	145	1	2012	-0.0798173231105687	-1.18205618148659	1.33706016167143	-1.05115657792354	0.0945453342050077	1.64958326067724	0.0636121135477986	0.6698272179256	49.7809139677419	-0.014121932829995	-1.21227226128901	1.33706016167143	-1.1075454865699	0.112702554980436	1.65467643159471	0.0832640195635056	0.654588581203628
32.2263866896552	1	146	2	2012	0.131102835310968	-0.944138128665897	-0.277799768053161	-0.00550539087164231	-0.241758288739046	0.370151475116309	0.740933886192268	-0.010144450917093	52.8836206896552	0.127708607418894	-0.903195270960539	-0.280339628841865	-0.06644920434176	-0.183828781423697	0.319301197596726	0.822176653550822	0.0602247006532029
33.2650770967742	1	147	3	2012	-0.63903901775506	-0.692906842725365	1.37475750133568	0.488338900337257	0.905029332051256	-0.237676980285534	0.850776461314134	-0.206422933696153	56.1599462580645	-0.624084728446334	-0.698192319596893	1.33706016167143	0.541664723092582	0.765101479794691	-0.217807076367745	0.822176653550822	-0.339486222528213
25.8111855666667	1	148	4	2012	2.07314255404964	-0.197404745703862	-0.432247466937595	0.754420105824961	-0.114351880998573	-0.319491328205135	1.16792276084424	-0.278311102593945	62.6218253333333	2.30452068453819	-0.197404745703862	-0.402201002165247	0.756725935901289	-0.183828781423697	-0.296745195940469	1.17341596476301	-0.339486222528213
37.5735657419355	1	149	5	2012	-0.607760516614313	0.523782562010346	-0.133136209635464	1.00768663642745	-0.388781910439263	-1.09603439421319	1.06571769222319	-1.42340377484502	72.0268817419355	-0.624084728446334	0.451894308676792	-0.182362656767042	0.986820092388851	-0.298318002758208	-1.03107561629899	0.999687053777329	-1.38512468238294
37.9492755666667	1	150	6	2012	1.15108122229332	0.946873714858139	0.516373291531288	1.26187350523797	-0.269409727722973	-1.77775018821869	0.450029588996357	-1.60954384930765	77.5444444	1.29269051047897	0.938673132048176	0.460761860248341	1.31218532974966	-0.298318002758208	-1.68566293697773	0.399434748873842	-1.60954384930765
36.9453015483871	1	151	7	2012	-0.543623779415208	1.34634910928084	-0.058212762178831	0.63904250359834	-1.45080676349801	-1.13577417606095	1.40842499378473	-1.70228452112006	82.7540322258065	-0.49717995576204	1.35633527417047	-0.0600975878834521	0.756725935901289	-1.44992879367961	-1.19240877586699	1.42635265064364	-1.60954384930765
36.5465185862069	1	152	8	2012	-0.92433683874538	1.62390476603808	-1.32531471081409	-0.0263719867171134	-0.110462646523468	-1.3706395230497	0.993117135967696	-1.82333245495896	86.3736558387097	-0.975519851986056	1.66574940035033	-1.22584086335693	-0.06644920434176	-0.183828781423697	-1.52478870443817	0.999687053777329	-1.60954384930765
38.7896134666667	1	153	9	2012	-0.645842344761494	1.22633265469239	-0.882072472581044	-0.4822698403328	-1.30514279786223	-0.191902225957489	0.203151369772516	-1.45449412939361	81.1888888666667	-0.624084728446334	1.22944867341282	-0.893817044115424	-0.449905619896272	-1.28501696732808	-0.217807076367745	0.193080827650116	-1.60954384930765
44.1933575	1	154	10	2012	1.65313800523138	0.246329969203781	-0.892266463037281	-0.432112581165261	0.442224845919533	0.218951439006222	0.68854895680258	-0.295476571647698	68.4086021935484	1.63944039169428	0.144023303330422	-0.893817044115424	-0.449905619896272	0.443689793503569	0.319301197596726	0.650315875450132	-0.339486222528213
41.3115941666667	1	155	11	2012	0.593133831478196	-0.5580936035641	-0.411703893255884	-1.07163681247133	0.0829980868093898	1.09703979368665	-0.3350825236837	0.665638303425112	57.9180555666667	0.571338924744412	-0.616402969163687	-0.402201002165247	-1.1075454865699	0.0330084130391267	1.1705334287297	-0.271331172522832	0.654588581203628
25.8252001612903	1	156	12	2012	-0.552786158528031	-1.10444778984195	-0.544979679112251	-0.415882997451314	0.0947648200747831	0.56177465512216	-1.08665147588848	1.39224026809312	50.7930106774194	-0.49717995576204	-1.10666369693791	-0.587483456452472	-0.449905619896272	0.112702554980436	0.542018489467147	-1.1338558475168	1.39062737685062
27.3039922903226	1	157	1	2013	0.289205796403932	-1.37911760650884	-0.463459200324405	-0.816986353352736	0.432786571599064	1.83951124030963	-0.905394160412294	1.27840318645299	47.211021516129	0.252314088001641	-1.35556851746862	-0.483717843159451	-0.747430863416841	0.443689793503569	2.12613570361062	-0.843993188348976	1.25505904589943
28.0465838571429	1	158	2	2013	-0.162797871856681	-1.0016251274276	-0.537608549797426	-0.452150997209436	0.970728736926439	1.3087478445678	0.58391444811537	0.279409454686151	52.1339285357143	-0.214196938857052	-0.978766791625912	-0.483717843159451	-0.449905619896272	1.01218924511667	1.45047951251527	0.650315875450132	0.179561712389015
36.7040673548387	1	159	3	2013	-0.312984331614313	-0.262504900753676	-0.688700808493777	0.291264803519	1.11415285062846	0.64358227651668	0.947758819335549	-0.140039052619608	61.7728494516129	-0.36892794382177	-0.197404745703862	-0.702706672326336	0.227932779623409	1.08926526237477	0.682293341818399	0.822176653550822	-0.137643757158443
37.5663680333333	1	160	4	2013	-0.099228344124588	0.204530482653802	0.447786560924465	1.59933923441135	0.21599847326044	-0.0814965812779528	1.614467098314	-0.940637817147653	67.8634920333333	-0.014121932829995	0.144023303330422	0.460761860248341	1.54098430288669	0.260455863406932	-0.0664711053581951	1.42635265064364	-0.90479250924883
34.9215170645161	1	161	5	2013	-0.0131530327912805	0.636536322336163	1.71026385035866	2.28750833010977	-0.143551517621519	-0.290681357008714	1.68547852188164	-1.36711434895908	73.4973117741935	-0.014121932829995	0.733818227851782	1.33706016167143	1.72186727184566	-0.183828781423697	-0.296745195940469	1.99617619719797	-1.38512468238294
31.75	1	162	6	2013	NA	NA	-1.17773273713377	0.45496757628504	NA	NA	NA	NA	NA	NA	NA	-1.22584086335693	0.388015922196406	NA	NA	NA	NA
37.1516128709677	1	163	7	2013	NA	NA	-1.02486689118472	-0.124677081385621	NA	NA	NA	NA	NA	NA	NA	-1.06077357989377	-0.06644920434176	NA	NA	NA	NA
35.4347826129032	1	164	8	2013	NA	NA	-0.783980889259979	-0.61991225653448	NA	NA	NA	NA	NA	NA	NA	-0.783980889259979	-0.582893316858504	NA	NA	NA	NA
32.2079710666667	1	165	9	2013	NA	NA	-0.354774754725963	-0.834250904622786	NA	NA	NA	NA	NA	NA	NA	-0.402201002165247	-0.88886040691758	NA	NA	NA	NA
36.0909585	1	166	10	2013	NA	NA	-0.51427995097542	-0.56693417089928	NA	NA	NA	NA	NA	NA	NA	-0.483717843159451	-0.582893316858504	NA	NA	NA	NA
NA	1	167	11	2013	NA	NA	NA	NA	NA	NA	NA	NA	NA	NA	NA	NA	NA	NA	NA	NA	NA
NA	1	168	12	2013	NA	NA	NA	NA	NA	NA	NA	NA	NA	NA	NA	NA	NA	NA	NA	NA	NA
NA	1	169	1	2014	NA	NA	NA	NA	NA	NA	NA	NA	NA	NA	NA	NA	NA	NA	NA	NA	NA
NA	1	170	2	2014	NA	NA	NA	NA	NA	NA	NA	NA	NA	NA	NA	NA	NA	NA	NA	NA	NA
NA	1	171	3	2014	NA	NA	NA	NA	NA	NA	NA	NA	NA	NA	NA	NA	NA	NA	NA	NA	NA
NA	1	172	4	2014	NA	NA	NA	NA	NA	NA	NA	NA	NA	NA	NA	NA	NA	NA	NA	NA	NA
NA	1	173	5	2014	NA	NA	NA	NA	NA	NA	NA	NA	NA	NA	NA	NA	NA	NA	NA	NA	NA
NA	1	174	6	2014	NA	NA	NA	NA	NA	NA	NA	NA	NA	NA	NA	NA	NA	NA	NA	NA	NA
NA	1	175	7	2014	NA	NA	NA	NA	NA	NA	NA	NA	NA	NA	NA	NA	NA	NA	NA	NA	NA
NA	1	176	8	2014	NA	NA	NA	NA	NA	NA	NA	NA	NA	NA	NA	NA	NA	NA	NA	NA	NA
NA	1	177	9	2014	NA	NA	-0.566983963028386	-0.997606556404123	NA	NA	NA	NA	NA	NA	NA	-0.587483456452472	-0.88886040691758	NA	NA	NA	NA
42.5253214193548	1	178	10	2014	NA	NA	0.0916812921110718	-1.47845927158787	NA	NA	NA	NA	NA	NA	NA	0.0753693620915905	-1.49785760808062	NA	NA	NA	NA
39.2892751071429	1	179	11	2014	NA	NA	-1.40745494055752	-2.03718686085934	NA	NA	NA	NA	NA	NA	NA	-1.44359015599608	-1.90321951261307	NA	NA	NA	NA
35.9998478064516	1	180	12	2014	NA	NA	1.74744286662962	-1.34537641804031	NA	NA	NA	NA	NA	NA	NA	2.14863560334465	-1.32798769069552	NA	NA	NA	NA
37.4267064516129	1	181	1	2015	NA	NA	-1.3479645338405	-2.1573984706427	NA	NA	NA	NA	NA	NA	NA	-1.44359015599608	-1.90321951261307	NA	NA	NA	NA
32.8104023214286	1	182	2	2015	NA	NA	-0.417859218594019	-1.55884395746125	NA	NA	NA	NA	NA	NA	NA	-0.402201002165247	-1.49785760808062	NA	NA	NA	NA
31.2095720645161	1	183	3	2015	NA	NA	-0.232731543001898	-1.08974197277791	NA	NA	NA	NA	NA	NA	NA	-0.280339628841865	-1.1075454865699	NA	NA	NA	NA
33.0184057333333	1	184	4	2015	NA	NA	-0.479882986655271	0.126311648830956	NA	NA	NA	NA	NA	NA	NA	-0.483717843159451	0.0537021986879592	NA	NA	NA	NA
34.8283310322581	1	185	5	2015	NA	NA	0.214716023131872	0.503641002955211	NA	NA	NA	NA	NA	NA	NA	0.18818651806718	0.541664723092582	NA	NA	NA	NA
28.8945109333333	1	186	6	2015	NA	NA	-0.713596769674789	-0.103733217578666	NA	NA	NA	NA	NA	NA	NA	-0.702706672326336	-0.06644920434176	NA	NA	NA	NA
35.23609468	1	187	7	2015	NA	NA	0.576351335783055	0.449271847433513	NA	NA	NA	NA	NA	NA	NA	0.460761860248341	0.388015922196406	NA	NA	NA	NA
34.5842873571429	1	188	8	2015	NA	NA	-1.44803103122357	-0.630057457421434	NA	NA	NA	NA	NA	NA	NA	-1.44359015599608	-0.582893316858504	NA	NA	NA	NA
40.8001449333333	1	189	9	2015	NA	NA	-0.204615088346985	-1.05558504048298	NA	NA	NA	NA	NA	NA	NA	-0.182362656767042	-1.1075454865699	NA	NA	NA	NA
36.1888616129032	1	190	10	2015	NA	NA	-0.11677215474527	-1.31529894282928	NA	NA	NA	NA	NA	NA	NA	-0.182362656767042	-1.32798769069552	NA	NA	NA	NA
33.9944927666667	1	191	11	2015	NA	NA	0.17800980995804	-1.90321951261307	NA	NA	NA	NA	NA	NA	NA	0.18818651806718	-1.90321951261307	NA	NA	NA	NA
26.8339411612903	1	192	12	2015	NA	NA	-0.772813017340053	-1.88234507077728	NA	NA	NA	NA	NA	NA	NA	-0.783980889259979	-1.90321951261307	NA	NA	NA	NA
21.9412842903226	1	193	1	2016	NA	NA	0.456214621966351	-1.54708747518322	NA	NA	NA	NA	NA	NA	NA	0.460761860248341	-1.49785760808062	NA	NA	NA	NA
26.58561945	1	194	2	2016	NA	NA	0.0721066839514815	-1.72714214077192	NA	NA	NA	NA	NA	NA	NA	0.0753693620915905	-1.90321951261307	NA	NA	NA	NA
32.2688864516129	1	195	3	2016	NA	NA	-0.282879489630569	-0.670502488598587	NA	NA	NA	NA	NA	NA	NA	-0.280339628841865	-0.747430863416841	NA	NA	NA	NA
NA	1	196	4	2016	NA	NA	NA	NA	NA	NA	NA	NA	NA	NA	NA	NA	NA	NA	NA	NA	NA
NA	1	197	5	2016	NA	NA	NA	NA	NA	NA	NA	NA	NA	NA	NA	NA	NA	NA	NA	NA	NA
NA	1	198	6	2016	NA	NA	NA	NA	NA	NA	NA	NA	NA	NA	NA	NA	NA	NA	NA	NA	NA
NA	1	199	7	2016	NA	NA	NA	NA	NA	NA	NA	NA	NA	NA	NA	NA	NA	NA	NA	NA	NA
NA	1	200	8	2016	NA	NA	NA	NA	NA	NA	NA	NA	NA	NA	NA	NA	NA	NA	NA	NA	NA
NA	1	201	9	2016	NA	NA	NA	NA	NA	NA	NA	NA	NA	NA	NA	NA	NA	NA	NA	NA	NA
NA	1	202	10	2016	NA	NA	NA	NA	NA	NA	NA	NA	NA	NA	NA	NA	NA	NA	NA	NA	NA
NA	1	203	11	2016	NA	NA	NA	NA	NA	NA	NA	NA	NA	NA	NA	NA	NA	NA	NA	NA	NA
NA	1	204	12	2016	NA	NA	NA	NA	NA	NA	NA	NA	NA	NA	NA	NA	NA	NA	NA	NA	NA
